ALA
N          -1.3761   -0.5125    0.0124
H1         -1.8641   -0.1783   -0.8050
H2         -1.3624   -1.5214    0.0069
H3         -1.8484   -0.1871    0.8426
CA          0.0021   -0.0041    0.0020
HA          0.5123   -0.3556   -0.8948
CB          -0.0187    1.5258    0.0104
HB1          1.0039    1.9031    0.0027
HB2         -0.5459    1.8868   -0.8726
HB3         -0.5289    1.8773    0.9072
ARG
N          -2.3441    2.5331   -3.7199
H1         -2.9097    3.0967   -4.3524
H2         -2.8191    2.4700   -2.8118
H3         -2.2371    1.5961   -4.1048
CA         -1.0221    3.1566   -3.5328
HA         -1.1573    4.1655   -3.1433
CB         -0.2185    2.3262   -2.5300
HB1         0.7868    2.7378   -2.4405
HB2         -0.1592    1.2947   -2.8772
CG          -0.9093    2.3659   -1.1653
HG1         -1.9146    1.9544   -1.2549
HG2         -0.9686    3.3975   -0.8181
CD          -0.1057    1.5356   -0.1625
HD1         -0.0464    0.5042   -0.5098
HD2          0.8997    1.9472   -0.0730
NE          -0.7748    1.6344    1.1802    
HE          -0.8529    2.5445    1.6492
NH1        	-1.0816   -0.7255    1.2504
HH11        -2.1135    1.5954    3.2902
HH12        -2.3527   -0.0648    3.3856
NH2         -1.9816    0.7055    2.9276
HH21        -0.4643   -0.8630    0.5149
HH22        -1.5671   -1.4780    1.6233
ASN
N           -2.4430    0.1685   -1.2394
H1          -1.5306   -0.2942   -1.3270
H2          -3.1758   -0.5391   -1.2387
H3          -2.5762    0.7935   -2.0327
CA          -2.4789    0.9344    0.0189
HA          -2.3587    0.2472    0.8564
CB          -1.3296    1.9443    0.0189    
HB2         -1.3916    2.5653    0.9126
HB3         -1.4000    2.5749   -0.8673
ND2         1.1435    1.8983    0.0013      
HD21        1.9900    1.4248   -0.0093
HD22        1.1304    2.8682    0.0067
ASP
N           0.5820   -0.4790   -1.2614
H1          0.0244   -0.1459   -2.0336
H2          1.5242   -0.1293   -1.3514
H3          0.5957   -1.4879   -1.2669
CA          0.0021   -0.0041    0.0020
HA          0.6044   -0.3639    0.8362 
CB         -0.0187    1.5258    0.0104
HB2        -0.5459    1.8868   -0.8726
HB3        -0.5289    1.8773    0.9072
CYS	 
N          -0.7608    3.0524    1.2530
H1         -1.2315    3.3718    0.3982
H2         -1.2723    3.3983    2.0632
H3          0.1882    3.4225    1.2680
CA         -0.7288    1.5792    1.2668
HA         -1.7514    1.2020    1.2746
CB         -0.0127    1.0858    0.0080
HB2         0.0021   -0.0041    0.0020
HB3         1.0099    1.4631    0.0003
SG         -0.8901    1.6867   -1.4616 
HG         -0.1764    1.1953   -2.4903
GLU
N           2.0906    1.6690    1.2464
H1          2.1039    0.6630    1.3237
H2          3.0372    2.0182    1.2392
H3          1.5937    2.0603    2.0325
CA          1.4167    2.0553   -0.0004
HA          1.9535    1.6326   -0.8497
CB         -0.0187    1.5258    0.0104
HB2        -0.5459    1.8868   -0.8726
HB3        -0.5289    1.8773    0.9072
CG          0.0021   -0.0041    0.0020
HG2         0.5123   -0.3556   -0.8948
HG3         0.5293   -0.3651    0.8851
GLN
N           2.0906    1.6690    1.2464	 
H1          1.5937    2.0603    2.0325
H2          2.1039    0.6630    1.3237
H3          3.0372    2.0182    1.2392
CA          1.4167    2.0553   -0.0004
HA          1.9535    1.6326   -0.8497
CB         -0.0187    1.5258    0.0104
HB2        -0.5459    1.8868   -0.8726
HB3        -0.5289    1.8773    0.9072
CG          0.0021   -0.0041    0.0020
HG2         0.5123   -0.3556   -0.8948
HG3         0.5293   -0.3651    0.8851
NE2        -1.6400   -1.8540    0.0078
HE21       -0.8943   -2.4742   -0.0027
HE22       -2.5500   -2.1897    0.0146
GLY
N           1.3598    2.0112   -0.0001
H1          1.8478    1.6770    0.8173
H2          1.8321    1.6858   -0.8303
H3          1.3461    3.0201    0.0054
CA         -0.0184    1.5028    0.0103
HA2        -0.5455    1.8639   -0.8728
HA3        -0.5286    1.8543    0.9071
HIS
N           1.9711    3.2483    2.4404
H1          1.2212    3.9216    2.4894
H2          1.5892    2.3155    2.4856
H3          2.6025    3.3911    3.2145
CA          2.7000    3.4183    1.1763
HA          3.5101    2.6910    1.1234
CB          1.7427    3.2017    0.0026
HB2         2.2605    3.4145   -0.9326
HB3         0.8868    3.8690    0.1039
CD2        -0.0165    1.3646    0.0095
HD21       -0.8922    1.9965    0.0253     
NE2         0.0021   -0.0041    0.0020
HE21       -0.7708   -0.5902    0.0065 
CE1         1.2973   -0.3859   -0.0124
HE11        1.6529   -1.4057   -0.0218
ILE
N          1.6245   -2.4057   -0.0179
H1         2.5429   -1.9906   -0.0670
H2         1.1522   -2.0803    0.8122
H3         1.7109   -3.4104    0.0162
CA         0.8493   -2.0210   -1.2049
HA        -0.1428   -2.4694   -1.1520
CB         0.7182   -0.4975   -1.2568
HB         1.7103   -0.0491   -1.3098
CG2       -0.0892   -0.0968   -2.4931
HG21      -1.0813   -0.5452   -2.4401
HG22      -0.1826    0.9885   -2.5300
HG23       0.4210   -0.4484   -3.3899
CG1        0.0021   -0.0041    0.0020
HG12       0.5293   -0.3651    0.8851
HG13      -1.0205   -0.3814    0.0098
CD1       -0.0187    1.5258    0.0104
HD11       1.0039    1.9031    0.0027
HD12      -0.5459    1.8868   -0.8726
HD13      -0.5289    1.8773    0.9072
LEU
N          2.4243    1.1643   -1.0788
H1         3.3997    1.3725   -0.9262
H2         2.1326    1.5497   -1.9646
H3         1.8736    1.5709   -0.3375
CA         2.2304   -0.2918   -1.0907
HA         2.4421   -0.6946   -0.1002
CB         0.7835   -0.6106   -1.4723
HB2        0.6639   -1.6892   -1.5746
HB3        0.5424   -0.1270   -2.4189
CG        -0.1572   -0.0943   -0.3817
HG         0.0347    0.9645   -0.2077
CD1       -1.6083   -0.2830   -0.8285
HD11      -0.1079   -1.9343    0.7376
HD12       1.1177   -0.7411    1.2299
HD13      -0.5862   -0.5077    1.6885
CD2        0.0839   -0.8755    0.9116
HD21      -1.7831    0.2827   -1.7437
HD22      -1.7969   -1.3405   -1.0134
HD23      -2.2785    0.0744   -0.0468
LYS
N          0.7921    4.0736   -1.2389
H1         1.3348    3.7489   -2.0252
H2        -0.1517    3.7248   -1.3147
H3         0.7784    5.0825   -1.2334
CA         1.3960    3.5852    0.0080
HA         0.8097    3.9359    0.8573
CB         1.4167    2.0553   -0.0004
HB2        1.9439    1.6943    0.8826
HB3        1.9269    1.7038   -0.8972
CG        -0.0187    1.5258    0.0104
HG2       -0.5459    1.8868   -0.8726
HG3       -0.5289    1.8773    0.9072
CD         0.0021   -0.0041    0.0020
HD2        0.5123   -0.3556   -0.8948
HD3        0.5293   -0.3651    0.8851
CE        -1.4333   -0.5336    0.0129
HE2       -1.9435   -0.1821    0.9097
HE3       -1.9605   -0.1726   -0.8702
NZ        -1.4134   -2.0025    0.0048
HZ1       -0.9411   -2.3279   -0.8254
HZ2       -0.9254   -2.3367    0.8222
HZ3       -2.3600   -2.3517    0.0120
MET
N          0.9049   -1.8519   -4.1148
H1         0.7714   -0.8530   -4.0655
H2         1.3896   -2.0848   -4.9686
H3         0.0072   -2.3123   -4.1014
CA         1.7007   -2.2970   -2.9630
HA         2.6705   -1.7997   -2.9775
CB         0.9658   -1.9439   -1.6683
HB2        1.5118   -2.3519   -0.8177
HB3       -0.0380   -2.3681   -1.6931
CG         0.8734   -0.4227   -1.5329
HG2        0.3274   -0.0147   -2.3835
HG3        1.8772    0.0015   -1.5082
CE        -0.0225    1.8097    0.0120
HE1        1.0001    2.1870    0.0043
HE2       -0.5497    2.1708   -0.8711
HE3       -0.5327    2.1613    0.9088
PHE
N          4.4519    0.3186    2.0592
H1         4.7554    0.1497    3.0065
H2         5.1782    0.8048    1.5550
H3         3.6148    0.8819    2.0696
CA         4.1714   -0.9633    1.3989
HA         3.3868   -1.4885    1.9436
CB         3.7112   -0.7071   -0.0376
HB2        3.5884   -1.6586   -0.5549
HB3        4.4573   -0.1052   -0.5563
CD1        2.3773    1.4107   -0.0130
HD1        3.3051    1.9634   -0.0196
CE1        1.1709    2.0855    0.0021
HE1        1.1563    3.1654    0.0076
CZ        -0.0167    1.3781    0.0096
HZ        -0.9591    1.9053    0.0259
CE2        0.0021   -0.0041    0.0020
HE2       -0.9258   -0.5567    0.0082
CD2        1.2084   -0.6789   -0.0117
HD2        1.2231   -1.7588   -0.0176
PRO
N          1.3058   -0.4202   -0.5467
H1         1.1629   -0.9829   -1.3720
CD         0.0021   -0.0041    0.0020
HD2       -0.1103   -0.3820    1.0182
HD3       -0.8031   -0.3824   -0.6278
CG        -0.0189    1.5389    0.0105
HG2       -0.5001    1.9129    0.9142
HG3       -0.5172    1.9225   -0.8798
CB         1.4877    1.9090   -0.0019
HB2        1.6450    2.8909   -0.4483
HB3        1.9085    1.8666    1.0027
CA         2.0771    0.7912   -0.8979
HA         1.9393    1.0367   -1.9509
SER
N          0.5820   -0.4790   -1.2614
H1         1.5242   -0.1293   -1.3514
H2         0.5957   -1.4879   -1.2669
H3         0.0244   -0.1459   -2.0336
CA         0.0021   -0.0041    0.0020
HA         0.6044   -0.3639    0.8362
CB        -0.0187    1.5258    0.0104
HB2       -0.5459    1.8868   -0.8726
HB3       -0.5289    1.8773    0.9072
OG         1.3220    2.0204    0.0003
HG         1.3852    2.9853    0.0049
THR
N         -2.1568    0.0360    1.1574
H1        -3.1034   -0.3132    1.1646
H2        -1.6939   -0.2293    2.0138
H3        -2.1700    1.0420    1.0800
CA        -1.4333   -0.5336    0.0129
HA        -1.9334   -0.2470   -0.9122
CB         0.0021   -0.0041    0.0020
HB         0.5123   -0.3556   -0.8948
CG2       -0.0187    1.5258    0.0104
HG21       1.0039    1.9031    0.0027
HG22      -0.5459    1.8868   -0.8726
HG23      -0.5289    1.8773    0.9072
OG1        0.6932   -0.4774    1.1597
HG1        1.6114   -0.1800    1.2187
TRP
N         -0.5518   -2.4687   -1.9863
H1         0.0090   -1.6300   -1.9793
H2        -0.8356   -2.6756   -2.9322
H3        -1.3700   -2.3311   -1.4122
CA         0.2361   -3.5891   -1.4554
HA         1.1200   -3.7379   -2.0756	 
CB         0.6664   -3.2754   -0.0210	 
HB2        1.1742   -4.1414    0.4036
HB3       -0.2127   -3.0396    0.5787	 
CD1        2.9451   -2.1410   -0.0380
HD1        3.5346   -3.0459   -0.0490
NE1        3.4551   -0.8713   -0.0363
HE1        4.3995   -0.6501   -0.0442	 
CZ2        -0.0165    1.3620    0.0095 
HZ2        3.3028    2.0064   -0.0198	 
CH2        1.1697    2.0834    0.0021	 
HH2        1.1388    3.1630    0.0081	 
CZ3        2.3856    1.4362   -0.0134	 
HZ3       -0.9613    1.8849    0.0259
CE3        0.0021   -0.0041    0.0020
HE3       -0.9246   -0.5587    0.0082
TYR
N         -2.0597    0.2543   -2.0756
H1        -2.7987    0.7159   -1.5668
H2        -1.2376    0.8393   -2.0794
H3        -2.3582    0.0876   -3.0249
CA        -1.7461   -1.0268   -1.4288
HA        -0.9477   -1.5255   -1.9784
CB        -1.2934   -0.7740    0.0107
HB2       -1.1460   -1.7274    0.5180
HB3       -2.0553   -0.1973    0.5352
CD1        1.2074   -0.6814   -0.0130
HD1        1.2194   -1.7613   -0.0189
CE1        2.3963    0.0221   -0.0206
HE1        3.3375   -0.5074   -0.0328
OH         3.5484    2.1036   -0.0209
HH         3.8951    2.3001    0.8601
CE2        1.1695    2.0865    0.0021
HE2        1.1543    3.1664    0.0076
CD2       -0.0167    1.3784    0.0096
HD2       -0.9594    1.9052    0.0259
VAL
N         -0.0334    1.1019    2.4750
H1         0.0090    0.0841    2.4746
H2         0.9118    1.4805    2.5066
H3        -0.5478    1.4154    3.3065
CA        -0.7288    1.5792    1.2668
HA        -0.7436    2.6691    1.2728	 
CB        -0.0127    1.0858    0.0080 
HB         0.0021   -0.0041    0.0020 
CG1        1.4227    1.6154   -0.0028	 
HG11       1.4079    2.7053    0.0031
HG12       1.9499    1.2543    0.8802
HG13       1.9329    1.2639   -0.8996	 
CG2       -0.7527    1.5927   -1.2315
HG21      -0.2425    1.2411   -2.1283
HG22      -1.7753    1.2154   -1.2238
HG23      -0.7675    2.6825   -1.2255
END





